image: ./cage.pgm
resolution: 0.05000
origin: [-1.2500000, -1.250000, 0.000000]
negate: 0
occupied_thresh: 0.65
free_thresh: 0.196
goal: [0.5, 0.65]
start: [-0.65 , -0.7, 1.2]

