image: ./circle.pgm
resolution: 0.05000
origin: [-1.2500000, -1.250000, 0.000000]
negate: 0
occupied_thresh: 0.65
free_thresh: 0.196
goal: [-0.25, -0.9]
start: [0.25 , -0.9, 1]

